[gd_scene load_steps=19 format=3 uid="uid://dyl5cjdrtkdx3"]

[ext_resource type="Script" uid="uid://dbqh0kwgsp6il" path="res://Script/Water.gd" id="2_water"]
[ext_resource type="PackedScene" uid="uid://c5udd1ncktdba" path="res://ShipConfg.tscn" id="3_q2d71"]
[ext_resource type="Script" uid="uid://dv37mp62bajbh" path="res://Script/FlyCamera.gd" id="5_flycam"]
[ext_resource type="PackedScene" uid="uid://bpnn7tfg4xpn8" path="res://bullet_config.tscn" id="6_7yo87"]
[ext_resource type="PackedScene" uid="uid://wg8r0e7cbl62" path="res://PirateConfig.tscn" id="6_kn06e"]
[ext_resource type="PackedScene" uid="uid://de5mgdt6xtq2" path="res://CanhaoConfg.tscn" id="6_uo7di"]
[ext_resource type="Script" uid="uid://cynu3hylp3him" path="res://Script/AmbientAudio.gd" id="7_ambient"]
[ext_resource type="PackedScene" uid="uid://cw4r7whud3ylh" path="res://MuniçaoConfig.tscn" id="7_kn06e"]
[ext_resource type="PackedScene" uid="uid://ypduf6wpxahb" path="res://CanhaoConfgB.tscn" id="8_ti1bm"]
[ext_resource type="AudioStream" uid="uid://dkl2ocstu2jb7" path="res://Assets/Audio/Sounds/10-Minute Meditation with Peaceful Beach Sounds ｜ Goodful [tIZpNrr0uX8].mp3" id="8_waves"]
[ext_resource type="Script" uid="uid://uajluw4wy8lo" path="res://canhaoB.gd" id="9_op4cu"]
[ext_resource type="AudioStream" uid="uid://cr7g106yj0bu3" path="res://Assets/Audio/Sounds/Wind Sounds For Sleeping Wind Sound Effect For Relaxation Study Insomina Tinnitus 10 Minutes [GFABlcMkoPA].mp3" id="9_wind"]
[ext_resource type="PackedScene" uid="uid://btetkdrfkd3nt" path="res://bullet_configB.tscn" id="10_op4cu"]
[ext_resource type="PackedScene" uid="uid://bw8sjs85qgdol" path="res://node_timao.tscn" id="11_kwl8l"]
[ext_resource type="PackedScene" uid="uid://1t44ynfnoxcs" path="res://GUI.tscn" id="14_8l3nt"]

[sub_resource type="ProceduralSkyMaterial" id="ProceduralSkyMaterial_cartoon"]
sky_top_color = Color(0.2, 0.6, 0.95, 1)
sky_horizon_color = Color(0.55, 0.78, 0.92, 1)
ground_bottom_color = Color(0.15, 0.45, 0.75, 1)
ground_horizon_color = Color(0.55, 0.78, 0.92, 1)

[sub_resource type="Sky" id="Sky_cartoon"]
sky_material = SubResource("ProceduralSkyMaterial_cartoon")

[sub_resource type="Environment" id="Environment_cartoon"]
background_mode = 2
sky = SubResource("Sky_cartoon")
ambient_light_source = 3
ambient_light_color = Color(0.6, 0.7, 0.8, 1)
ambient_light_sky_contribution = 0.5
ambient_light_energy = 0.6
tonemap_mode = 2
glow_enabled = true
glow_intensity = 0.2
glow_bloom = 0.1
fog_enabled = true
fog_light_color = Color(0.45, 0.7, 0.88, 1)
fog_density = 0.003
fog_sky_affect = 0.2
adjustment_enabled = true
adjustment_contrast = 1.05
adjustment_saturation = 1.2

[node name="World" type="Node3D"]

[node name="WorldEnvironment" type="WorldEnvironment" parent="."]
environment = SubResource("Environment_cartoon")

[node name="DirectionalLight3D" type="DirectionalLight3D" parent="."]
transform = Transform3D(0.707107, -0.5, 0.5, 0, 0.707107, 0.707107, -0.707107, -0.5, 0.5, 0, 15, 0)
light_color = Color(1, 0.95, 0.85, 1)
light_energy = 1.3
shadow_enabled = true
shadow_bias = 0.05
shadow_blur = 1.8

[node name="FlyCamera" type="Camera3D" parent="."]
transform = Transform3D(1, 0, 0, 0, 0.866, 0.5, 0, -0.5, 0.866, 0, 25, 30)
script = ExtResource("5_flycam")

[node name="WaterPlane" type="Node3D" parent="."]
script = ExtResource("2_water")

[node name="NodeShip" parent="." instance=ExtResource("3_q2d71")]

[node name="NodePirate" parent="NodeShip" instance=ExtResource("6_kn06e")]
transform = Transform3D(1.4959875, 0, 0, 0, 2.0963216, 0, 0, 0, -0.8309845, 0, 8.181337, 0)

[node name="NodeCanhao" parent="NodeShip" instance=ExtResource("6_uo7di")]
transform = Transform3D(0.011220777, -0.0142239155, 0.99983597, -0.00019561917, -0.99989897, -0.014222617, 0.999937, -3.5998237e-05, -0.011222428, -9.066963, 8.953554, 3.0516343)
bullet_config = ExtResource("6_7yo87")

[node name="NodeCanhao2" parent="NodeShip" instance=ExtResource("6_uo7di")]
transform = Transform3D(0.011220777, -0.0142239155, 0.99983597, -0.00019561917, -0.99989897, -0.014222617, 0.999937, -3.5998237e-05, -0.011222428, -9.066963, 8.953554, 6.073119)
bullet_config = ExtResource("6_7yo87")

[node name="NodeCanhao3" parent="NodeShip" instance=ExtResource("6_uo7di")]
transform = Transform3D(0.011220777, -0.0142239155, 0.99983597, -0.00019561917, -0.99989897, -0.014222617, 0.999937, -3.5998237e-05, -0.011222428, -9.066963, 8.953554, -0.47377443)
bullet_config = ExtResource("6_7yo87")

[node name="CaixadeMuniçao" parent="NodeShip" instance=ExtResource("7_kn06e")]
transform = Transform3D(3.277613, -3.0910938e-22, 0, -2.1175824e-22, 2.9194555, -2.842171e-14, 0, -2.842171e-14, 2.918701, -1.3724957, 6.5910845, -5.648545)

[node name="NodeCanhao4" parent="NodeShip" instance=ExtResource("8_ti1bm")]
transform = Transform3D(-4.371139e-08, 0, 1, 0, 1, 0, -1, 0, -4.371139e-08, 6.624281, 8.953554, -0.47377443)
script = ExtResource("9_op4cu")
bullet_config = ExtResource("10_op4cu")

[node name="NodeCanhao5" parent="NodeShip" instance=ExtResource("8_ti1bm")]
transform = Transform3D(-4.371139e-08, 0, 1, 0, 1, 0, -1, 0, -4.371139e-08, 6.624281, 8.953554, 3.3063545)
script = ExtResource("9_op4cu")
bullet_config = ExtResource("10_op4cu")

[node name="NodeCanhao6" parent="NodeShip" instance=ExtResource("8_ti1bm")]
transform = Transform3D(-4.371139e-08, 0, 1, 0, 1, 0, -1, 0, -4.371139e-08, 6.624281, 8.953554, 6.8817677)
script = ExtResource("9_op4cu")
bullet_config = ExtResource("10_op4cu")

[node name="NodeTimao" parent="NodeShip" instance=ExtResource("11_kwl8l")]
transform = Transform3D(-0.9999999, 0, -8.742277e-08, 0, 3.0305817, 0, 8.742277e-08, 0, -0.9999999, -0.7899308, 7.515558, 1.6522133)

[node name="AmbientAudio" type="Node" parent="."]
script = ExtResource("7_ambient")

[node name="WavesPlayer" type="AudioStreamPlayer" parent="AmbientAudio"]
stream = ExtResource("8_waves")
volume_db = -12.0
bus = &"Ambience"

[node name="WindPlayer" type="AudioStreamPlayer" parent="AmbientAudio"]
stream = ExtResource("9_wind")
volume_db = -16.0
bus = &"Ambience"

[node name="Node2D" parent="." instance=ExtResource("14_8l3nt")]
